31329
511225
40666129
1272384
19368801
649636
39652209
515524
99440784
70241161
43917129
42849
21996100
9790641
34492129
42458256
12124324
8737936
74528689
80371225
66945124
49660209
556516
509796
24275329
70526404
69388900
38130625
60279696
74252689
35964009
16313521
28132416
89340304
380689
57547396
5058001
195364
2585664
40780996
88661056
86211225
22705225
362404
11764900
31281649
49477156
39841344
35344
45508516
232324
41434969
13060996
7198489
93276964
12574116
15116544
246016
49646116
1651225
28483569
39413284
85544001
31315216
41873841
390625
1971216
59985025
2421136
625681
21187609
5267025
23580736
42354064
11269449
42250000
32421636
8549776
52925625
25644096
48818169
14745600
1483524
6456681
11703241
974169
753424
1800964
5683456
480249
100
37319881
49660209
30580900
40347904
23193856
42928704
68475625
4173849
89038096
35343025
33419961
2862864
40208281
27646564
16842816
15697444
48288601
48930025
91145209
49702500
46607929
50922496
13942756
60497284
32867289
181476
5313025
2353156
6315169
25796241
58537801
3104644
70560000
61293241
687241
58752225
7033104
779689
14400
4120900
38489616
1638400
4717584
39955041
45796
86266944
6646084
243049
1373584
11478544
51566761
69222400
89302500
27899524
62536464
44649124
12773476
3374569
96255721
9541921
4100625
82846404
13801225
1
60543961
58171129
4977361
45562500
14807104
80263681
74528689
10323369
11999296
5166529
46076944
5626384
43864129
49028004
19527561
3928324
70756
17986081
75359761
38987536
3254416
33292900
18412681
5461569
87160896
97436641
45522009
8596624
111556
41616
76562500
27772900
5555449
6076225
18662400
34821801
1968409
19678096
51811204
95863681
72335025
17480761
57592921
63920025
42758521
842724
9156676
96294969
7474756
4995225
17648401
9144576
1036324
50438404
625
2265025
97180164
3025
22268961
99380961
2852721
24059025
582169
44555625
1065024
2822400
69755904
2845969
87272964
11792356
1401856
14853316
2430481
1225
18447025
8105409
22268961
4761124
4351396
239121
20151121
61230625
5103081
92044836
64176121
55950400
75742209
36772096
212521
71588521
66732561
3378244
73856836
2116
6315169
27552001
1413721
5678689
12321
88566921
7354944
38862756
502681
50013184
3845521
20106256
10876804
65399569
17489124
98763844
62362609
70610409
36990724
9504889
2076481
8173881
3841600
4129024
34833604
33443089
31002624
81
2560000
4613904
20939776
36024004
195364
36300625
4347225
285156
67469796
120409
57547396
7901721
1615441
3147076
3964081
51581124
30459361
28185481
3006756
22278400
6646084
90000
7322436
5391684
35164900
1505529
1874161
1936
769129
7739524
49168144
3459600
26173456
18619225
94556176
81090025
32959081
55636681
23493409
18783556
5812921
52838361
1121481
53304601
2016400
97456384
9205156
1210000
22165264
9878449
5948721
15952036
734449
64673764
17581249
10017225
99480676
21252100
3705625
36457444
4405801
2347024
1597696
441
2732409
4782969
46854025
24840256
264196
23261329
12588304
40525956
17774656
19873764
16160400
591361
5373124
15468489
44222500
95004009
33120025
2979076
5692996
24196561
60047001
34164025
37039396
23541904
11703241
78996544
74736025
152100
30935844
2647129
4862025
43309561
6325225
15077689
28174864
91431844
19228225
16362025
1857769
17825284
3279721
24304900
31505769
45454564
66912400
11175649
3261636
7382089
708964
2643876
17833729
77721856
84345856
73667889
22363441
78552769
2954961
2085136
57274624
2172676
6932689
10975969
69806025
9603801
12489156
12201049
7491169
27994681
62252100
38105929
78801129
36469521
26440164
190969
219961
19600
1863225
824464
87291649
8479744
60140025
10361961
11002489
15460624
9443329
63075364
59536656
99820081
144400
1361889
33166081
39589264
88943761
41254929
70711281
30459361
2815684
87890625
299209
78907689
12595401
82264900
92505924
36385024
27952369
17935225
65351056
31125241
3080025
12145225
56385081
1030225
18835600
8116801
2550409
14040009
86731969
81649296
11806096
82937449
60031504
8485569
72897444
18550249
1674436
9865881
28224
22972849
1466521
9548100
70728100
45522009
57183844
16200625
11895601
80299521
11505664
30769209
5626384
3370896
54361129
47472100
84474481
68013009
46444225
7991929
85507009
57714409
35307364
1046529
2347024
156816
287296
73582084
5053504
3655744
25
39778249
2582449
521284
56746089
10484644
95863681
24860196
13315201
3648100
10099684
8404201
11778624
408321
4435236
8514724
990025
29702500
55547209
21921124
2128681
6280036
55845729
53042089
72607441
85673536
27144100
78400
7562500
59629284
18122049
47472100
43086096
1238769
772641
28569025
60918025
51179716
763876
69372241
13498276
2205225
516961
85174441
60078001
38502025
77176225
2125764
54479161
6027025
19927296
66716224
23104
2788900
72420100
18490000
39564100
34833604
61685316
5461569
90916225
94322944
72148036
5094049
1408969
26030404
94148209
5373124
34304449
6801664
7322436
90288004
49308484
1194649
13638249
18861649
35856144
35772361
24275329
95707089
89019225
64112049
65674816
6922161
57836025
98227921
1317904
2359296
223729
68079001
9150625
92448225
318096
7038409
2582449
26925721
289444
13741849
68558400
93636
2500
7344100
39538944
97199881
15896169
6270016
36759969
81324324
37859409
47679025
5664400
98346889
23164969
20820969
6697744
17986081
73891216
52606009
17073424
18870336
76440049
18020025
11471769
16064064
15015625
25826724
16281225
49322529
247009
10000
9891025
91929744
18879025
7295401
13271449
200704
46922500
2347024
3853369
12250000
12595401
8714304
8673025
27836176
149769
594441
5331481
39904489
81649296
63856081
30614089
25030009
63776196
1996569
20675209
63329764
116964
767376
121
77264100
37957921
14356521
42876304
98346889
68890000
10017225
37503376
22838841
97535376
34596
8625969
5875776
3415104
16524225
24820324
52954729
5044516
14371681
39664804
2729104
87721956
481636
2819041
51624225
2371600
92833225
71402500
2825761
41409225
36554116
22944100
1483524
3385600
80317444
96786244
29452329
2374681
5517801
326041
24900100
67881121
20448484
5769604
97831881
104329
79655625
61999876
178929
24336
6300100
14167696
3549456
1345600
2540836
7246864
49378729
3822025
89245809
7568001
95550625
75550864
3775249
83119689
41319184
1129969
61434244
81162081
27709696
4239481
69072721
86694721
32273761
3493161
1565001
1397124
2634129
7683984
24482704
4120900
99740169
9622404
50381604
9114361
84621601
10830681
90231001
17455684
23270976
14205361
13957696
48706441
12574116
41990400
122500
56670784
81054009
68409441
17791524
8982009
3545689
5631129
5313025
45819361
70190884
2576025
89094721
76176
1243225
47610000
1110916
37368769
50339025
23242041
70174129
28281124
40005625
53361
13315201
30658369
11128896
5900041
262144
28100601
34963569
22714756
20757136
69722500
59105344
7043716
76003524
96845281
68641225
79370281
18696976
8156736
76930441
73513476
10679824
6538249
63091249
59397849
188356
6656400
28526281
99181681
90706576
1042441
4280761
4210704
57093136
99241444
89946256
815409
17689
4251844
9665881
16974400
43362225
66699889
66471409
29052100
18541636
24900100
39904489
29008996
74511424
32959081
5031049
4202500
23145721
30647296
89491600
9156676
89908324
24108100
609961
26522500
19105641
442225
61009
2752281
12020089
37601424
2493241
34082244
719104
63075364
83557881
5784025
7469289
3316041
72863296
1776889
20164
16548624
31393609
1263376
67716441
54508689
1225449
10810944
32764176
17089956
40056241
39526369
11048976
23425600
6538249
12061729
635209
4813636
39576681
4072324
26368225
42523441
10017225
110224
239121
4410000
73290721
74321641
27699169
12089529
31315216
81378441
15186609
20884900
12552849
68475625
4334724
588289
54316900
7617600
69205761
11874916
28026436
42562576
1852321
26306641
11229201
99820081
8271376
29408929
11628100
2886601
90478144
21362884
3786916
89567296
96721
7845601
22752900
39639616
63123025
52678564
1758276
20331081
24730729
1960000
83795716
81993025
11785489
7118224
2768896
54552996
2968729
24059025
65739664
8014561
2989441
5433561
2883204
38663524
2232036
23126481
6692569
23697424
348100
24571849
28334329
3976036
70358544
32672656
38118276
8836
59985025
43678881
82973881
56731024
1638400
16834609
13623481
16386304
2214144
28633201
29041321
10903204
8726116
70930084
66227044
50951044
16540489
16152361
34000561
12769
29463184
270400
13351716
33166081
69355584
91204
4355569
17656804
459684
1340964
961
56415121
2073600
10478169
4100625
96275344
93915481
92756161
729
89075844
94633984
4426816
9205156
34339600
6002500
55935441
984064
94867600
1481089
36324729
13520329
2624400
73513476
12411529
48818169
17665209
17572864
7623121
